TotalGWP, Thickness, MaterialInput, Utilisation, UtilisationSC, ReinforcementRatio, ConcreteGWP, ReinforcementGWP
3312,7216579 0,18 C20/25 520 OK 0,029113868247228114 1961,8848 1350,8368579
TotalGWP, Thickness, MaterialInput, Utilisation, UtilisationSC, ReinforcementRatio, ConcreteGWP, ReinforcementGWP
3312,7216579 0,18 C20/25 520 OK 0,029113868247228114 1961,8848 1350,8368579
3264,3298436999994 0,19 C20/25 1000 OK 0,02436804391552129 2070,8783999999996 1193,4514437
TotalGWP, Thickness, MaterialInput, Utilisation, UtilisationSC, ReinforcementRatio, ConcreteGWP, ReinforcementGWP
3312,7216579 0,18 C20/25 520 OK 0,029113868247228114 1961,8848 1350,8368579
3264,3298436999994 0,19 C20/25 1000 OK 0,02436804391552129 2070,8783999999996 1193,4514437
3309,4066125 0,2 C20/25 1000 OK 0,021909832802547772 2179,872 1129,5346125
TotalGWP, Thickness, MaterialInput, Utilisation, UtilisationSC, ReinforcementRatio, ConcreteGWP, ReinforcementGWP
3312,7216579 0,18 C20/25 520 OK 0,029113868247228114 1961,8848 1350,8368579
3264,3298436999994 0,19 C20/25 1000 OK 0,02436804391552129 2070,8783999999996 1193,4514437
3309,4066125 0,2 C20/25 1000 OK 0,021909832802547772 2179,872 1129,5346125
3337,419875 0,21000000000000002 C20/25 1000 OK 0,019370513598220604 2288,8656 1048,554275
TotalGWP, Thickness, MaterialInput, Utilisation, UtilisationSC, ReinforcementRatio, ConcreteGWP, ReinforcementGWP
3312,7216579 0,18 C20/25 520 OK 0,029113868247228114 1961,8848 1350,8368579
3264,3298436999994 0,19 C20/25 1000 OK 0,02436804391552129 2070,8783999999996 1193,4514437
3309,4066125 0,2 C20/25 1000 OK 0,021909832802547772 2179,872 1129,5346125
3337,419875 0,21000000000000002 C20/25 1000 OK 0,019370513598220604 2288,8656 1048,554275
3142,7366963 0,22000000000000003 C20/25 103 OK 0,013135048735765298 2397,8592 744,8774963000001
TotalGWP, Thickness, MaterialInput, Utilisation, UtilisationSC, ReinforcementRatio, ConcreteGWP, ReinforcementGWP
3312,7216579 0,18 C20/25 520 OK 0,029113868247228114 1961,8848 1350,8368579
3264,3298436999994 0,19 C20/25 1000 OK 0,02436804391552129 2070,8783999999996 1193,4514437
3309,4066125 0,2 C20/25 1000 OK 0,021909832802547772 2179,872 1129,5346125
3337,419875 0,21000000000000002 C20/25 1000 OK 0,019370513598220604 2288,8656 1048,554275
3142,7366963 0,22000000000000003 C20/25 103 OK 0,013135048735765298 2397,8592 744,8774963000001
3251,7302962999997 0,23000000000000004 C20/25 94 OK 0,012563959660297244 2506,8527999999997 744,8774963000001
